#!/bin/python2
""""
	Makes strings needed for praat script, easiest fokin way...
""""

import random

#[fracA, propA, LowToneAdur, HighToneAdur, maxStartHTA] 
a=[["28", 0.25, 1114, 279, 835],
["28", 0.25, 1114, 279, 835],
["28", 0.25, 1237, 309, 928],
["28", 0.25, 1237, 309, 928],
["28", 0.25, 1326, 332, 994],
["38", 0.375, 1116, 419, 697],
["38", 0.375, 1489, 558, 931],
["38", 0.375, 1160, 435, 725],
["38", 0.375, 1160, 435, 725],
["38", 0.375, 1237, 464, 773],
["48", 0.5, 1031, 516, 515],
["48", 0.5, 1179, 590, 589],
["48", 0.5, 1031, 516, 515],
["48", 0.5, 1459, 730, 729],
["48", 0.5, 1031, 516, 515],
["48", 0.5, 1181, 591, 590],
["58", 0.625, 1049, 656, 393],
["58", 0.625, 1012, 633, 379],
["58", 0.625, 1273, 796, 477],
["58", 0.625, 1144, 715, 429],
["58", 0.625, 1012, 633, 379],
["58", 0.625, 1083, 677, 406],
["58", 0.625, 1497, 936, 561],
["58", 0.625, 1368, 855, 513],
["58", 0.625, 1202, 751, 451],
["58", 0.625, 1012, 633, 379],
["58", 0.625, 1083, 677, 406],
["68", 0.75, 1030, 773, 257],
["68", 0.75, 1217, 913, 304],
["68", 0.75, 1404, 1053, 351],
["68", 0.75, 1179, 884, 295],
["78", 0.875, 1093, 956, 137],
["78", 0.875, 1253, 1096, 157],
["78", 0.875, 1155, 1011, 144]]

b=[["38", 0.375, 1116, 419, 697],
["38", 0.375, 1489, 558, 931],
["48", 0.5, 1179, 590, 589],
["48", 0.5, 1459, 730, 729],
["58", 0.625, 1202, 751, 451],
["28", 0.25, 1114, 279, 835],
["28", 0.25, 1114, 279, 835],
["58", 0.625, 1144, 715, 429],
["58", 0.625, 1368, 855, 513],
["68", 0.75, 1179, 884, 295],
["58", 0.625, 1049, 656, 393],
["28", 0.25, 1237, 309, 928],
["58", 0.625, 1273, 796, 477],
["28", 0.25, 1237, 309, 928],
["58", 0.625, 1497, 936, 561],
["78", 0.875, 1155, 1011, 144],
["48", 0.5, 1031, 516, 515],
["68", 0.75, 1030, 773, 257],
["48", 0.5, 1031, 516, 515],
["38", 0.375, 1160, 435, 725],
["68", 0.75, 1217, 913, 304],
["78", 0.875, 1093, 956, 137],
["48", 0.5, 1031, 516, 515],
["38", 0.375, 1160, 435, 725],
["28", 0.25, 1326, 332, 994],
["68", 0.75, 1404, 1053, 351],
["78", 0.875, 1253, 1096, 157],
["58", 0.625, 1012, 633, 379],
["58", 0.625, 1012, 633, 379],
["58", 0.625, 1012, 633, 379],
["38", 0.375, 1237, 464, 773],
["58", 0.625, 1083, 677, 406],
["58", 0.625, 1083, 677, 406],
["48", 0.5, 1181, 591, 590]]

#Create Sound as pure tone: $NAME, $CHAN, $START, $END, $SAMPRATE, $FREQ, 0.2, 0.01, 0.01
#[fracA, propA, LowToneAdur, HighToneAdur, maxStartHTA] 
for x,datae in enumerate(a):
	isi=random.randint(0,datae[4])/1000.0
	lenH=isi+datae[3]/1000.0
	lenL=datae[2]/1000.0
	namH="toneHigh"+str(datae[0])
	namL="toneLow"+str(datae[0])
	csndAL= 'Create Sound as pure tone: "' + namL + '", 1, 0, '+str(lenL)+", 44100, 440, 0.2, 0.01, 0.01"
    csndAH= 'Create Sound as pure tone: "' + namH + '", 1, '+str(isi)+", "+str(lenH)+", 44100, 660, 0.2, 0.01, 0.01"
    sels='selectObject: "Sound '+namL+'"\n'+'plusObject: "Sound '+namH+'"\n'+"Combine to stereo\n"+'selectObject: "Sound combined_2"\n'+"Convert to mono\n"+'selectObject: "Sound combined_2_mono"\n'
	savW='Save as WAV file: "/Personal/scripKidd/git/praat/Sounds/'+'A_'+str(x)+'_'+str(datae[0])+'.wav"\n'+'select all\nRemove'
	print csndAL+"\n"+csndAH+"\n"+sels+savW

for x,datae in enumerate(b):
	isi=random.randint(0,datae[4])/1000.0
	lenH=isi+datae[3]/1000.0
	lenL=datae[2]/1000.0
	namH="toneHigh"+str(datae[0])
	namL="toneLow"+str(datae[0])
	csndAL= 'Create Sound as pure tone: "' + namL + '", 1, 0, '+str(lenL)+", 44100, 440, 0.2, 0.01, 0.01"
    csndAH= 'Create Sound as pure tone: "' + namH + '", 1, '+str(isi)+", "+str(lenH)+", 44100, 660, 0.2, 0.01, 0.01"
    sels='selectObject: "Sound '+namL+'"\n'+'plusObject: "Sound '+namH+'"\n'+"Combine to stereo\n"+'selectObject: "Sound combined_2"\n'+"Convert to mono\n"+'selectObject: "Sound combined_2_mono"\n'
	savW='Save as WAV file: "/Personal/scripKidd/git/praat/Sounds/'+'B_'+str(x)+'_'+str(datae[0])+'.wav"\n'+'select all\nRemove'
	print csndAL+"\n"+csndAH+"\n"+sels+savW
